1 0.463547 0.470539 0.472156 0.469251 0.473016 0.469251 0.476453 0.472459 0.475594 0.491171 0.462250 0.487307 0.462250 0.492482 0.476453 0.496347 0.476031 0.509251 0.476031 0.516347 0.463109 0.514403 0.476891 0.520211 0.476031 0.534426 0.475172 0.537635 0.466563 0.537635 0.455359 0.537635 0.455797 0.468595
1 0.421328 0.459672 0.421328 0.456768 0.422484 0.455035 0.423906 0.454075 0.424172 0.451569 0.424547 0.446159 0.425578 0.444215 0.429328 0.441335 0.430859 0.440562 0.436531 0.444988 0.437563 0.451756 0.440141 0.460070 0.439250 0.507190 0.438734 0.525738 0.421328 0.524754 0.420937 0.476089 0.421078 0.464895
1 0.457109 0.538548 0.457547 0.587073 0.469625 0.585761 0.469625 0.537916
1 0.552922 0.562061 0.564969 0.562061 0.566266 0.497518 0.552922 0.495574
1 0.572359 0.499368 0.577406 0.501897 0.588234 0.503326 0.587516 0.519204 0.576203 0.519204 0.575484 0.521710 0.588484 0.524965 0.587516 0.539391 0.575734 0.541194 0.575734 0.544801 0.587516 0.545878 0.586797 0.560304 0.576203 0.561382 0.574281 0.563911 0.569953 0.562108
1 0.693688 0.600773 0.693422 0.548173 0.697094 0.547377 0.697094 0.543443 0.694203 0.543068 0.695781 0.537166 0.697875 0.533255 0.701547 0.532857 0.700500 0.540304 0.703906 0.539133 0.704953 0.544239 0.702859 0.546979 0.706266 0.548946 0.706516 0.559555 0.705734 0.568970 0.708359 0.574871 0.706266 0.579977 0.704422 0.584286 0.707047 0.592927 0.707047 0.598033 0.704688 0.601171 0.693688 0.600398
1 0.759297 0.569578 0.753047 0.569977 0.751469 0.562225 0.746953 0.563817 0.745359 0.567588 0.745625 0.589461 0.745625 0.591850 0.744563 0.621101 0.749734 0.620890 0.750266 0.616112 0.760750 0.614333 0.759031 0.604590 0.752531 0.602389 0.752266 0.600609 0.760219 0.599016 0.760094 0.588080 0.753313 0.585293 0.753188 0.583302 0.759687 0.582108
1 0.799969 0.587799 0.814109 0.593653 0.813625 0.636066 0.796063 0.630211
1 0.320688 0.492904 0.337266 0.494379 0.335797 0.553583 0.319219 0.549204
1 0.101641 0.439625 0.100937 0.512974 0.092422 0.515082 0.089594 0.506581 0.079656 0.505527 0.078953 0.436440 0.106609 0.438548 0.102359 0.441756
1 0.110094 0.439110 0.129047 0.439110 0.124734 0.508806 0.108375 0.508806 0.110531 0.441686
1 0.393750 0.803279 0.490625 0.803279 0.490625 0.833724 0.393750 0.833724