1 0.202250 0.008984 0.200906 0.123594 0.149656 0.130339 0.149656 0.083151 0.153703 0.000000 0.204937 0.002240
1 0.389719 0.154375 0.418750 0.155781 0.420437 0.155781 0.420016 0.260990 0.387203 0.260990 0.389719 0.153672
1 0.468391 0.230365 0.470516 0.219766 0.470047 0.213490 0.469578 0.207604 0.469578 0.206016 0.470281 0.197005 0.469344 0.189531 0.469578 0.183255 0.474281 0.176198 0.477344 0.175391 0.481828 0.183646 0.480406 0.197786 0.479000 0.204453 0.479469 0.210729 0.477813 0.214661 0.479234 0.220156 0.479469 0.225651 0.478062 0.233516 0.472406 0.238229 0.470516 0.238620
1 0.568391 0.213307 0.579344 0.213307 0.578250 0.228828 0.566563 0.229141 0.566188 0.212995 0.569844 0.212682
1 0.935781 0.568880 0.938594 0.492708 0.942547 0.489896 0.946500 0.488021 0.949875 0.489896 0.951016 0.501172 0.949312 0.566068 0.945375 0.573594 0.944234 0.573594 0.941984 0.572656 0.938594 0.570755
1 0.979047 0.656094 0.978031 0.568203 0.979562 0.558802 0.983406 0.553698 0.987750 0.550703 0.991859 0.553698 0.991859 0.557526 0.984688 0.557943 0.983656 0.561797 0.986469 0.567760 0.988016 0.571172 0.990312 0.580156 0.992359 0.586979 0.994406 0.594661 0.995438 0.600208 0.995953 0.648854 0.995187 0.659505 0.990062 0.664219 0.984422 0.664635 0.981094 0.662083
1 0.482969 0.218099 0.495750 0.217448 0.495750 0.289740 0.471750 0.289740 0.474844 0.234870 0.481047 0.229714 0.481813 0.224557 0.481813 0.221328
1 0.861391 0.311120 0.863562 0.348464 0.869344 0.348464 0.871500 0.314740 0.866453 0.308724 0.862828 0.318359
1 0.179328 0.408620 0.198203 0.410859 0.198203 0.518724 0.179328 0.511979 0.182016 0.413099
1 0.767188 0.040443 0.765844 0.101120 0.745625 0.112370 0.742922 0.098880 0.742922 0.029219
1 0.704797 0.139844 0.704422 0.134922 0.707891 0.131693 0.711234 0.134063 0.711875 0.138776 0.708781 0.143490
1 0.007812 0.283854 0.909375 0.283854 0.909375 0.502604 0.007812 0.502604