1 0.935516 0.357324 0.940406 0.357136 0.941156 0.374484 0.941484 0.377324 0.941094 0.377911 0.940594 0.378756 0.938625 0.379038 0.936594 0.379437 0.935969 0.379131 0.934750 0.379131 0.934891 0.357230
1 0.908578 0.420892 0.910562 0.418826 0.910812 0.411573 0.908703 0.411009 0.904000 0.410258 0.904609 0.417535 0.904125 0.419014 0.903750 0.422183 0.908953 0.421432
1 0.876016 0.393756 0.877828 0.392019 0.878891 0.392019 0.881484 0.392582 0.881297 0.395634 0.880719 0.397934 0.879953 0.398803 0.877641 0.399225 0.875625 0.398521 0.875437 0.397066 0.875437 0.395634 0.875531 0.395188
1 0.179500 0.184413 0.186281 0.181291 0.190188 0.173451 0.191766 0.171103 0.195938 0.171103 0.198531 0.176972 0.196188 0.181667 0.192281 0.183239 0.192797 0.188333 0.196453 0.188333 0.196969 0.188333 0.196969 0.193028 0.195141 0.198920 0.191500 0.200869 0.190188 0.205587 0.194359 0.205962 0.194891 0.212629 0.192547 0.214577 0.187844 0.216549 0.186016 0.219671 0.180547 0.219671 0.178719 0.219671 0.178984 0.184812 0.179234 0.184038
1 0.863734 0.384343 0.864047 0.391080 0.864359 0.398615 0.865922 0.400962 0.869688 0.400188 0.871766 0.398615 0.871250 0.392653 0.870625 0.387934 0.870625 0.384648 0.868641 0.380423 0.864672 0.380563 0.863828 0.382770
1 0.967938 0.419906 0.969172 0.420094 0.970047 0.420657 0.970406 0.421948 0.970406 0.423991 0.970172 0.425469 0.969797 0.426784 0.968938 0.427324 0.968437 0.427512 0.967203 0.427512 0.966594 0.426784 0.966344 0.425845 0.966219 0.424554 0.966219 0.423239 0.966594 0.422324 0.967078 0.421033 0.967328 0.420845
1 0.979344 0.436549 0.975719 0.436878 0.974016 0.427840 0.974250 0.421033 0.975266 0.419484 0.977984 0.419484 0.979688 0.419319 0.980937 0.423592 0.980141 0.425962 0.978328 0.427676
1 0.959391 0.440164 0.962969 0.440047 0.963125 0.436620 0.966469 0.435141 0.965891 0.429038 0.959219 0.428662 0.957672 0.432089 0.958984 0.435634
1 0.843062 0.363944 0.843641 0.358192 0.845953 0.356854 0.847891 0.357300 0.848250 0.361009 0.850437 0.363944 0.850609 0.365634 0.849484 0.369272 0.848953 0.369437 0.848422 0.369437
1 0.932109 0.386948 0.931500 0.405563 0.938000 0.404155 0.938937 0.383216 0.932734 0.384155 0.932734 0.389742
1 0.836547 0.158028 0.788891 0.158028 0.795469 0.227160 0.843125 0.232089
1 0.907844 0.428005 0.908938 0.435587 0.911703 0.436127 0.913391 0.435775 0.914234 0.435587 0.914594 0.426901 0.913750 0.426009 0.908563 0.425634 0.907844 0.427629
1 0.160938 0.159624 0.885938 0.159624 0.885938 0.401408 0.160938 0.401408