1 0.212969 0.200444 0.230766 0.200140 0.232000 0.274182 0.210094 0.273248 0.210094 0.204112 0.210094 0.199206
1 0.016922 0.209650 0.030297 0.205794 0.039797 0.205794 0.041531 0.222570 0.041094 0.248388 0.041094 0.256776 0.016922 0.256121
1 0.182000 0.317500 0.195016 0.318201 0.193812 0.364346 0.179828 0.364346
1 0.118359 0.444136 0.117797 0.408178 0.129625 0.408178 0.130000 0.444696 0.125875 0.447500
1 0.031672 0.420210 0.032172 0.444533 0.040859 0.445467 0.040859 0.418178 0.032172 0.417804
1 0.063797 0.374089 0.062750 0.333645 0.075078 0.332477 0.075078 0.375257
1 0.059203 0.445537 0.057937 0.446869 0.056922 0.449883 0.057172 0.453107 0.057297 0.456121 0.057813 0.458575 0.060969 0.459720 0.063625 0.458201 0.065016 0.453481 0.065266 0.450070 0.064641 0.447243 0.061219 0.445350
1 0.086609 0.434860 0.090391 0.434696 0.094641 0.436706 0.095203 0.448715 0.090625 0.451051 0.088172 0.451051 0.087266 0.450724 0.084812 0.447897 0.083484 0.445724 0.082703 0.441706 0.084266 0.438551 0.086484 0.436379 0.086719 0.435701
1 0.107172 0.452757 0.099719 0.452547 0.098281 0.439486 0.099859 0.435187 0.103438 0.434112 0.110172 0.438832 0.110891 0.443341 0.109031 0.450187
1 0.073703 0.232921 0.074922 0.255561 0.120953 0.258271 0.120344 0.232009
1 0.109281 0.343178 0.109031 0.344860 0.104422 0.346332 0.104922 0.350444 0.108672 0.351565 0.108422 0.354369 0.104797 0.354556 0.105047 0.359766 0.108672 0.360701 0.108672 0.363131 0.106047 0.363131 0.106172 0.368528 0.109406 0.369089 0.109906 0.369650 0.112531 0.369463 0.111781 0.343551